10001000
00
10001001
01
10001010
00
10001011
01
10001100
10
10001101
11
10001110
00
10001111
00
10000000
00
10000001
10
10000010
01
10000011
11
10000100
10
10000101
00
10000110
10
10000111
00
10011000
10
10011001
01
10011010
10
10011011
10
10011100
01
10011101
11
10011110
00
10011111
11
10010000
10
10010001
00
10010010
00
10010011
00
10010100
00
10010101
01
10010110
00
10010111
10
10101000
11
10101001
00
10101010
10
10101011
11
10101100
10
10101101
00
10101110
10
10101111
01
10100000
11
10100001
11
10100010
10
10100011
11
10100100
11
10100101
01
10100110
00
10100111
10
10111000
00
10111001
00
10111010
00
10111011
01
10111100
00
10111101
11
10111110
11
10111111
11
10110000
00
10110001
10
10110010
11
10110011
00
10110100
01
10110101
10
10110110
11
10110111
11
11001000
01
11001001
01
11001010
10
11001011
00
11001100
10
11001101
01
11001110
11
11001111
10
11000000
10
11000001
01
11000010
00
11000011
10
11000100
10
11000101
00
11000110
11
11000111
01
11011000
01
11011001
01
11011010
00
11011011
10
11011100
11
11011101
10
11011110
00
11011111
11
11010000
11
11010001
01
11010010
10
11010011
01
11010100
01
11010101
00
11010110
00
11010111
10
11101000
11
11101001
00
11101010
00
11101011
11
11101100
10
11101101
00
11101110
11
11101111
11
11100000
11
11100001
11
11100010
01
11100011
11
11100100
00
11100101
11
11100110
11
11100111
01
11111000
01
11111001
00
11111010
10
11111011
10
11111100
11
11111101
00
11111110
01
11111111
10
11110000
00
11110001
00
11110010
00
11110011
11
11110100
10
11110101
11
11110110
01
11110111
11
00001000
00
00001001
01
00001010
11
00001011
01
00001100
11
00001101
11
00001110
10
00001111
11
00000000
10
00000001
01
00000010
11
00000011
11
00000100
00
00000101
00
00000110
00
00000111
11
00011000
01
00011001
01
00011010
01
00011011
00
00011100
11
00011101
01
00011110
00
00011111
01
00010000
10
00010001
10
00010010
10
00010011
01
00010100
10
00010101
11
00010110
11
00010111
01
00101000
01
00101001
00
00101010
00
00101011
10
00101100
00
00101101
00
00101110
11
00101111
11
00100000
01
00100001
10
00100010
00
00100011
01
00100100
10
00100101
01
00100110
01
00100111
11
00111000
00
00111001
00
00111010
10
00111011
01
00111100
11
00111101
01
00111110
10
00111111
00
00110000
01
00110001
01
00110010
00
00110011
00
00110100
01
00110101
00
00110110
10
00110111
00
01001000
01
01001001
01
01001010
00
01001011
01
01001100
01
01001101
01
01001110
00
01001111
10
01000000
10
01000001
00
01000010
00
01000011
11
01000100
11
01000101
00
01000110
00
01000111
01
01011000
11
01011001
01
01011010
01
01011011
00
01011100
11
01011101
01
01011110
11
01011111
10
01010000
01
01010001
00
01010010
10
01010011
11
01010100
10
01010101
10
01010110
10
01010111
01
01101000
00
01101001
00
01101010
01
01101011
11
01101100
11
01101101
01
01101110
11
01101111
00
01100000
00
01100001
10
01100010
01
01100011
01
01100100
10
01100101
00
01100110
11
01100111
00
01111000
01
01111001
00
01111010
10
01111011
10
01111100
00
01111101
11
01111110
10
01111111
11
01110000
11
01110001
11
01110010
11
01110011
11
01110100
01
01110101
10
01110110
11
01110111
00
